36
0 18 1
0 1 12
1 19 5
1 2 8
1 0 12
2 20 1
2 3 11
2 1 8
3 21 10
3 4 8
3 2 11
4 22 1
4 5 4
4 3 8
5 23 8
5 6 19
5 4 4
6 24 16
6 7 9
6 5 19
7 25 19
7 8 17
7 6 9
8 26 8
8 9 14
8 7 17
9 27 17
9 10 20
9 8 14
10 28 1
10 11 9
10 9 20
11 29 17
11 12 3
11 10 9
12 30 12
12 13 17
12 11 3
13 31 5
13 14 7
13 12 17
14 32 2
14 15 3
14 13 7
15 33 13
15 16 6
15 14 3
16 34 20
16 17 9
16 15 6
17 35 3
17 16 9
18 19 13
18 0 1
19 18 13
19 1 5
20 2 1
21 3 10
22 4 1
23 5 8
24 6 16
25 7 19
26 8 8
27 9 17
28 10 1
29 11 17
30 12 12
31 13 5
32 14 2
33 15 13
34 16 20
35 17 3
