40
0 20 16
0 1 15
1 21 8
1 2 8
1 0 15
2 22 8
2 3 4
2 1 8
3 23 14
3 4 13
3 2 4
4 24 15
4 5 15
4 3 13
5 25 13
5 6 13
5 4 15
6 26 1
6 7 15
6 5 13
7 27 15
7 8 8
7 6 15
8 28 6
8 9 2
8 7 8
9 29 1
9 10 1
9 8 2
10 30 6
10 11 16
10 9 1
11 31 11
11 12 1
11 10 16
12 32 20
12 13 19
12 11 1
13 33 9
13 14 15
13 12 19
14 34 4
14 15 16
14 13 15
15 35 3
15 16 17
15 14 16
16 36 20
16 17 5
16 15 17
17 37 13
17 18 16
17 16 5
18 38 7
18 19 9
18 17 16
19 39 13
19 18 9
20 21 3
20 0 16
21 20 3
21 1 8
22 2 8
23 3 14
24 4 15
25 5 13
26 6 1
27 7 15
28 8 6
29 9 1
30 10 6
31 11 11
32 12 20
33 13 9
34 14 4
35 15 3
36 16 20
37 17 13
38 18 7
39 19 13
