44
0 22 19
0 1 4
1 23 19
1 2 5
1 0 4
2 24 5
2 3 13
2 1 5
3 25 7
3 4 17
3 2 13
4 26 15
4 5 10
4 3 17
5 27 2
5 6 18
5 4 10
6 28 15
6 7 10
6 5 18
7 29 15
7 8 12
7 6 10
8 30 16
8 9 19
8 7 12
9 31 16
9 10 17
9 8 19
10 32 4
10 11 16
10 9 17
11 33 17
11 12 2
11 10 16
12 34 13
12 13 10
12 11 2
13 35 8
13 14 8
13 12 10
14 36 9
14 15 18
14 13 8
15 37 2
15 16 5
15 14 18
16 38 7
16 17 3
16 15 5
17 39 6
17 18 5
17 16 3
18 40 16
18 19 11
18 17 5
19 41 3
19 20 5
19 18 11
20 42 7
20 21 17
20 19 5
21 43 2
21 20 17
22 23 14
22 0 19
23 22 14
23 1 19
24 2 5
25 3 7
26 4 15
27 5 2
28 6 15
29 7 15
30 8 16
31 9 16
32 10 4
33 11 17
34 12 13
35 13 8
36 14 9
37 15 2
38 16 7
39 17 6
40 18 16
41 19 3
42 20 7
43 21 2
