48
0 24 19
0 1 17
1 25 11
1 2 6
1 0 17
2 26 11
2 3 10
2 1 6
3 27 10
3 4 18
3 2 10
4 28 18
4 5 18
4 3 18
5 29 9
5 6 19
5 4 18
6 30 12
6 7 6
6 5 19
7 31 9
7 8 1
7 6 6
8 32 20
8 9 13
8 7 1
9 33 20
9 10 12
9 8 13
10 34 18
10 11 8
10 9 12
11 35 8
11 12 20
11 10 8
12 36 10
12 13 15
12 11 20
13 37 1
13 14 15
13 12 15
14 38 19
14 15 15
14 13 15
15 39 10
15 16 3
15 14 15
16 40 17
16 17 19
16 15 3
17 41 5
17 18 16
17 16 19
18 42 8
18 19 11
18 17 16
19 43 11
19 20 15
19 18 11
20 44 4
20 21 17
20 19 15
21 45 6
21 22 17
21 20 17
22 46 4
22 23 12
22 21 17
23 47 4
23 22 12
24 25 3
24 0 19
25 24 3
25 1 11
26 2 11
27 3 10
28 4 18
29 5 9
30 6 12
31 7 9
32 8 20
33 9 20
34 10 18
35 11 8
36 12 10
37 13 1
38 14 19
39 15 10
40 16 17
41 17 5
42 18 8
43 19 11
44 20 4
45 21 6
46 22 4
47 23 4
