52
0 26 1
0 1 11
1 27 20
1 2 15
1 0 11
2 28 2
2 3 15
2 1 15
3 29 10
3 4 7
3 2 15
4 30 2
4 5 5
4 3 7
5 31 3
5 6 5
5 4 5
6 32 4
6 7 9
6 5 5
7 33 7
7 8 2
7 6 9
8 34 13
8 9 14
8 7 2
9 35 2
9 10 6
9 8 14
10 36 7
10 11 20
10 9 6
11 37 14
11 12 17
11 10 20
12 38 10
12 13 17
12 11 17
13 39 1
13 14 6
13 12 17
14 40 3
14 15 9
14 13 6
15 41 1
15 16 14
15 14 9
16 42 6
16 17 15
16 15 14
17 43 2
17 18 18
17 16 15
18 44 17
18 19 6
18 17 18
19 45 13
19 20 18
19 18 6
20 46 4
20 21 16
20 19 18
21 47 5
21 22 18
21 20 16
22 48 12
22 23 5
22 21 18
23 49 14
23 24 3
23 22 5
24 50 6
24 25 12
24 23 3
25 51 12
25 24 12
26 27 18
26 0 1
27 26 18
27 1 20
28 2 2
29 3 10
30 4 2
31 5 3
32 6 4
33 7 7
34 8 13
35 9 2
36 10 7
37 11 14
38 12 10
39 13 1
40 14 3
41 15 1
42 16 6
43 17 2
44 18 17
45 19 13
46 20 4
47 21 5
48 22 12
49 23 14
50 24 6
51 25 12
