56
0 28 13
0 1 1
1 29 5
1 2 15
1 0 1
2 30 5
2 3 6
2 1 15
3 31 2
3 4 16
3 2 6
4 32 8
4 5 5
4 3 16
5 33 8
5 6 9
5 4 5
6 34 12
6 7 7
6 5 9
7 35 8
7 8 20
7 6 7
8 36 14
8 9 20
8 7 20
9 37 13
9 10 2
9 8 20
10 38 18
10 11 14
10 9 2
11 39 20
11 12 13
11 10 14
12 40 11
12 13 10
12 11 13
13 41 17
13 14 14
13 12 10
14 42 20
14 15 15
14 13 14
15 43 12
15 16 10
15 14 15
16 44 7
16 17 19
16 15 10
17 45 16
17 18 16
17 16 19
18 46 19
18 19 17
18 17 16
19 47 11
19 20 9
19 18 17
20 48 6
20 21 15
20 19 9
21 49 2
21 22 13
21 20 15
22 50 8
22 23 3
22 21 13
23 51 2
23 24 1
23 22 3
24 52 9
24 25 6
24 23 1
25 53 17
25 26 1
25 24 6
26 54 8
26 27 15
26 25 1
27 55 8
27 26 15
28 29 18
28 0 13
29 28 18
29 1 5
30 2 5
31 3 2
32 4 8
33 5 8
34 6 12
35 7 8
36 8 14
37 9 13
38 10 18
39 11 20
40 12 11
41 13 17
42 14 20
43 15 12
44 16 7
45 17 16
46 18 19
47 19 11
48 20 6
49 21 2
50 22 8
51 23 2
52 24 9
53 25 17
54 26 8
55 27 8
